%YAML:1.0
---
Camera_Matrix: !!opencv-matrix
   rows: 3
   cols: 3
   dt: d
   data: [ 1.2102542506014127e+03, 0., 2.9950000000000000e+02, 0.,
       1.2102542506014127e+03, 168., 0., 0., 1. ]
Distortion_Coefficients: [ 2.8851395845413208e-01,
    -2.3914011001586914e+01, 0., 0., 0. ]
Reprojection error: 3.7939312458038330e+00
Point_List:
   - [ 0., 0., 0., 1., 0., 0., 2., 0., 0., 3., 0., 0., 4., 0., 0., 5.,
       0., 0., 6., 0., 0., 7., 0., 0., 8., 0., 0., 0., -1., 0., 1., -1.,
       0., 2., -1., 0., 3., -1., 0., 4., -1., 0., 5., -1., 0., 6., -1.,
       0., 7., -1., 0., 8., -1., 0., 0., -2., 0., 1., -2., 0., 2., -2.,
       0., 3., -2., 0., 4., -2., 0., 5., -2., 0., 6., -2., 0., 7., -2.,
       0., 8., -2., 0., 0., -3., 0., 1., -3., 0., 2., -3., 0., 3., -3.,
       0., 4., -3., 0., 5., -3., 0., 6., -3., 0., 7., -3., 0., 8., -3.,
       0., 0., -4., 0., 1., -4., 0., 2., -4., 0., 3., -4., 0., 4., -4.,
       0., 5., -4., 0., 6., -4., 0., 7., -4., 0., 8., -4., 0., 0., -5.,
       0., 1., -5., 0., 2., -5., 0., 3., -5., 0., 4., -5., 0., 5., -5.,
       0., 6., -5., 0., 7., -5., 0., 8., -5., 0. ]
   - [ 0., 0., 0., 1., 0., 0., 2., 0., 0., 3., 0., 0., 4., 0., 0., 5.,
       0., 0., 6., 0., 0., 7., 0., 0., 8., 0., 0., 0., -1., 0., 1., -1.,
       0., 2., -1., 0., 3., -1., 0., 4., -1., 0., 5., -1., 0., 6., -1.,
       0., 7., -1., 0., 8., -1., 0., 0., -2., 0., 1., -2., 0., 2., -2.,
       0., 3., -2., 0., 4., -2., 0., 5., -2., 0., 6., -2., 0., 7., -2.,
       0., 8., -2., 0., 0., -3., 0., 1., -3., 0., 2., -3., 0., 3., -3.,
       0., 4., -3., 0., 5., -3., 0., 6., -3., 0., 7., -3., 0., 8., -3.,
       0., 0., -4., 0., 1., -4., 0., 2., -4., 0., 3., -4., 0., 4., -4.,
       0., 5., -4., 0., 6., -4., 0., 7., -4., 0., 8., -4., 0., 0., -5.,
       0., 1., -5., 0., 2., -5., 0., 3., -5., 0., 4., -5., 0., 5., -5.,
       0., 6., -5., 0., 7., -5., 0., 8., -5., 0. ]
   - [ 0., 0., 0., 1., 0., 0., 2., 0., 0., 3., 0., 0., 4., 0., 0., 5.,
       0., 0., 6., 0., 0., 7., 0., 0., 8., 0., 0., 0., -1., 0., 1., -1.,
       0., 2., -1., 0., 3., -1., 0., 4., -1., 0., 5., -1., 0., 6., -1.,
       0., 7., -1., 0., 8., -1., 0., 0., -2., 0., 1., -2., 0., 2., -2.,
       0., 3., -2., 0., 4., -2., 0., 5., -2., 0., 6., -2., 0., 7., -2.,
       0., 8., -2., 0., 0., -3., 0., 1., -3., 0., 2., -3., 0., 3., -3.,
       0., 4., -3., 0., 5., -3., 0., 6., -3., 0., 7., -3., 0., 8., -3.,
       0., 0., -4., 0., 1., -4., 0., 2., -4., 0., 3., -4., 0., 4., -4.,
       0., 5., -4., 0., 6., -4., 0., 7., -4., 0., 8., -4., 0., 0., -5.,
       0., 1., -5., 0., 2., -5., 0., 3., -5., 0., 4., -5., 0., 5., -5.,
       0., 6., -5., 0., 7., -5., 0., 8., -5., 0. ]
   - [ 0., 0., 0., 1., 0., 0., 2., 0., 0., 3., 0., 0., 4., 0., 0., 5.,
       0., 0., 6., 0., 0., 7., 0., 0., 8., 0., 0., 0., -1., 0., 1., -1.,
       0., 2., -1., 0., 3., -1., 0., 4., -1., 0., 5., -1., 0., 6., -1.,
       0., 7., -1., 0., 8., -1., 0., 0., -2., 0., 1., -2., 0., 2., -2.,
       0., 3., -2., 0., 4., -2., 0., 5., -2., 0., 6., -2., 0., 7., -2.,
       0., 8., -2., 0., 0., -3., 0., 1., -3., 0., 2., -3., 0., 3., -3.,
       0., 4., -3., 0., 5., -3., 0., 6., -3., 0., 7., -3., 0., 8., -3.,
       0., 0., -4., 0., 1., -4., 0., 2., -4., 0., 3., -4., 0., 4., -4.,
       0., 5., -4., 0., 6., -4., 0., 7., -4., 0., 8., -4., 0., 0., -5.,
       0., 1., -5., 0., 2., -5., 0., 3., -5., 0., 4., -5., 0., 5., -5.,
       0., 6., -5., 0., 7., -5., 0., 8., -5., 0. ]
   - [ 0., 0., 0., 1., 0., 0., 2., 0., 0., 3., 0., 0., 4., 0., 0., 5.,
       0., 0., 6., 0., 0., 7., 0., 0., 8., 0., 0., 0., -1., 0., 1., -1.,
       0., 2., -1., 0., 3., -1., 0., 4., -1., 0., 5., -1., 0., 6., -1.,
       0., 7., -1., 0., 8., -1., 0., 0., -2., 0., 1., -2., 0., 2., -2.,
       0., 3., -2., 0., 4., -2., 0., 5., -2., 0., 6., -2., 0., 7., -2.,
       0., 8., -2., 0., 0., -3., 0., 1., -3., 0., 2., -3., 0., 3., -3.,
       0., 4., -3., 0., 5., -3., 0., 6., -3., 0., 7., -3., 0., 8., -3.,
       0., 0., -4., 0., 1., -4., 0., 2., -4., 0., 3., -4., 0., 4., -4.,
       0., 5., -4., 0., 6., -4., 0., 7., -4., 0., 8., -4., 0., 0., -5.,
       0., 1., -5., 0., 2., -5., 0., 3., -5., 0., 4., -5., 0., 5., -5.,
       0., 6., -5., 0., 7., -5., 0., 8., -5., 0. ]
   - [ 0., 0., 0., 1., 0., 0., 2., 0., 0., 3., 0., 0., 4., 0., 0., 5.,
       0., 0., 6., 0., 0., 7., 0., 0., 8., 0., 0., 0., -1., 0., 1., -1.,
       0., 2., -1., 0., 3., -1., 0., 4., -1., 0., 5., -1., 0., 6., -1.,
       0., 7., -1., 0., 8., -1., 0., 0., -2., 0., 1., -2., 0., 2., -2.,
       0., 3., -2., 0., 4., -2., 0., 5., -2., 0., 6., -2., 0., 7., -2.,
       0., 8., -2., 0., 0., -3., 0., 1., -3., 0., 2., -3., 0., 3., -3.,
       0., 4., -3., 0., 5., -3., 0., 6., -3., 0., 7., -3., 0., 8., -3.,
       0., 0., -4., 0., 1., -4., 0., 2., -4., 0., 3., -4., 0., 4., -4.,
       0., 5., -4., 0., 6., -4., 0., 7., -4., 0., 8., -4., 0., 0., -5.,
       0., 1., -5., 0., 2., -5., 0., 3., -5., 0., 4., -5., 0., 5., -5.,
       0., 6., -5., 0., 7., -5., 0., 8., -5., 0. ]
   - [ 0., 0., 0., 1., 0., 0., 2., 0., 0., 3., 0., 0., 4., 0., 0., 5.,
       0., 0., 6., 0., 0., 7., 0., 0., 8., 0., 0., 0., -1., 0., 1., -1.,
       0., 2., -1., 0., 3., -1., 0., 4., -1., 0., 5., -1., 0., 6., -1.,
       0., 7., -1., 0., 8., -1., 0., 0., -2., 0., 1., -2., 0., 2., -2.,
       0., 3., -2., 0., 4., -2., 0., 5., -2., 0., 6., -2., 0., 7., -2.,
       0., 8., -2., 0., 0., -3., 0., 1., -3., 0., 2., -3., 0., 3., -3.,
       0., 4., -3., 0., 5., -3., 0., 6., -3., 0., 7., -3., 0., 8., -3.,
       0., 0., -4., 0., 1., -4., 0., 2., -4., 0., 3., -4., 0., 4., -4.,
       0., 5., -4., 0., 6., -4., 0., 7., -4., 0., 8., -4., 0., 0., -5.,
       0., 1., -5., 0., 2., -5., 0., 3., -5., 0., 4., -5., 0., 5., -5.,
       0., 6., -5., 0., 7., -5., 0., 8., -5., 0. ]
   - [ 0., 0., 0., 1., 0., 0., 2., 0., 0., 3., 0., 0., 4., 0., 0., 5.,
       0., 0., 6., 0., 0., 7., 0., 0., 8., 0., 0., 0., -1., 0., 1., -1.,
       0., 2., -1., 0., 3., -1., 0., 4., -1., 0., 5., -1., 0., 6., -1.,
       0., 7., -1., 0., 8., -1., 0., 0., -2., 0., 1., -2., 0., 2., -2.,
       0., 3., -2., 0., 4., -2., 0., 5., -2., 0., 6., -2., 0., 7., -2.,
       0., 8., -2., 0., 0., -3., 0., 1., -3., 0., 2., -3., 0., 3., -3.,
       0., 4., -3., 0., 5., -3., 0., 6., -3., 0., 7., -3., 0., 8., -3.,
       0., 0., -4., 0., 1., -4., 0., 2., -4., 0., 3., -4., 0., 4., -4.,
       0., 5., -4., 0., 6., -4., 0., 7., -4., 0., 8., -4., 0., 0., -5.,
       0., 1., -5., 0., 2., -5., 0., 3., -5., 0., 4., -5., 0., 5., -5.,
       0., 6., -5., 0., 7., -5., 0., 8., -5., 0. ]
   - [ 0., 0., 0., 1., 0., 0., 2., 0., 0., 3., 0., 0., 4., 0., 0., 5.,
       0., 0., 6., 0., 0., 7., 0., 0., 8., 0., 0., 0., -1., 0., 1., -1.,
       0., 2., -1., 0., 3., -1., 0., 4., -1., 0., 5., -1., 0., 6., -1.,
       0., 7., -1., 0., 8., -1., 0., 0., -2., 0., 1., -2., 0., 2., -2.,
       0., 3., -2., 0., 4., -2., 0., 5., -2., 0., 6., -2., 0., 7., -2.,
       0., 8., -2., 0., 0., -3., 0., 1., -3., 0., 2., -3., 0., 3., -3.,
       0., 4., -3., 0., 5., -3., 0., 6., -3., 0., 7., -3., 0., 8., -3.,
       0., 0., -4., 0., 1., -4., 0., 2., -4., 0., 3., -4., 0., 4., -4.,
       0., 5., -4., 0., 6., -4., 0., 7., -4., 0., 8., -4., 0., 0., -5.,
       0., 1., -5., 0., 2., -5., 0., 3., -5., 0., 4., -5., 0., 5., -5.,
       0., 6., -5., 0., 7., -5., 0., 8., -5., 0. ]
   - [ 0., 0., 0., 1., 0., 0., 2., 0., 0., 3., 0., 0., 4., 0., 0., 5.,
       0., 0., 6., 0., 0., 7., 0., 0., 8., 0., 0., 0., -1., 0., 1., -1.,
       0., 2., -1., 0., 3., -1., 0., 4., -1., 0., 5., -1., 0., 6., -1.,
       0., 7., -1., 0., 8., -1., 0., 0., -2., 0., 1., -2., 0., 2., -2.,
       0., 3., -2., 0., 4., -2., 0., 5., -2., 0., 6., -2., 0., 7., -2.,
       0., 8., -2., 0., 0., -3., 0., 1., -3., 0., 2., -3., 0., 3., -3.,
       0., 4., -3., 0., 5., -3., 0., 6., -3., 0., 7., -3., 0., 8., -3.,
       0., 0., -4., 0., 1., -4., 0., 2., -4., 0., 3., -4., 0., 4., -4.,
       0., 5., -4., 0., 6., -4., 0., 7., -4., 0., 8., -4., 0., 0., -5.,
       0., 1., -5., 0., 2., -5., 0., 3., -5., 0., 4., -5., 0., 5., -5.,
